-1992.101449275362
25035.896103896084
2006.4507042253535
40082.242268041184
-340.5683453237434
7435.9791666666715
2072.9148936170095
48940.60465116281
104121.98666666666
78984.85074626864
442.9154929577453
-877.657458563539
-9323.527272727275
12163.887096774182
-5884.059405940596
-5743.029411764706
-2570.9406392694073
4175.902439024401
1255.826086956522
-26490.448275862072
6640.976744186046
862.1735159817345
17859.501960784313
-5016.125
-2394.073359073358
-7033.796000000002
680.644268774704
-6125.851405622496
-10813.928
4564.26771653544
984.2292490118562
-7790.960474308289
3410.8611111111095
8850.83600000001
-2910.4159999999974
593.7374517374519
16163.909448818915
2707.8207171314752
19247.057915057914
-1649.964
793.1225296442717
170949.96047430835
-20539.3046875
-8049.474708171212
310.8110236220473
493.567164179105
2383.1889763779545
-4809.501992031874
-433.3919999999998
1042.9055118110264
-1473.5914396887165
-5076.364705882352
11282.57421875
-75481.76171875
4374.4409448818915
2143.357142857145
290.5725490196073
-7559.63813229572
-3351.162790697679
2451.992125984252
3849.1746031746006
504.19685039370233
-5438.700000000001
-18448.93227091634
-10677.640000000014
-7341.449612403099
-15491.251968503937
8101.541501976288
18756.07142857145
21377.653543307097
-5456.083665338647
-150253.83333333326
28104.646825396834
3029.1818181818235
30610.40400000001
1871.8039215686276
-2261.244094488189
6595.105058365763
-746.7391304347839
-1221.7637795275587
-4336.56589147287
-12435.496062992126
7820.796875
-335.28571428571377
122.35433070866566
-53336.41085271319
-2612.8976377952713
-27.875
825.470588235301
-13252.564705882352
-1118.1860465116333
2494.181102362203
-1431.5868725868786
-3901.3019607843125
-29368.85826771654
-27710.023622047243
-2862.9446640316164
7486.921568627455
10972.078740157478
9512.826086956527
707.0078740157478
3872.3803921568615
-6499.8125
4331.37837837838
-1416.420634920636
7156.356862745095
1606.1574803149633
-1401.1612903225796
-8374.321705426351
138008.49011857715
2846.59375
-1391.3255813953474
-10073.25296442688
-10568.769230769234
8642.935999999987
7729.965517241377
2949.8425196850403
-2943.8384615384566
-1225.966165413527
20126.539682539675
-13904.784860557775
-14532.285714285714
-19943.565384615387
7469.312252964475
38163.78599221789
-11498.284584980232
-10226.87351778656
-5672.21875
32584.65625
816.3360000000002
41047.68871595332
-5268.094117647059
11373.257936507958
9332.1953125
-267.5720000000001
-198512.92125984258
6010.10546875
2628.0608365018998
-2770.652173913044
4473.9652509652515
24210.188235294132
15893.952380952396
-14880.541176470593
-1194.8837209302328
9774.412451361874
11505.630952380947
11017.944444444438
144013.27843137248
873.450592885376
-3244.3228346456744
5892.118773946364
275.90000000000146
23243.199999999983
799345.3119999999
-6905.177165354333
-15103.22480620155
12961.307086614193
6904.455999999998
118568.82745098043
-6618.162790697679
4584.931034482754
140003.5196850394
-4988.561264822136
-6511.9604743083
-2217.936507936509
4627.889328063247
-19018.368000000002
-2155.5843137254888
-1026.9382239382248
1244.2392156862734
55214.027450980386
21680.176470588223
2855.5520000000033
4293.580392156859
-2788.3385826771664
55697.70588235295
-16631.521568627453
17728.627906976748
-3299.8488372093016
1910.6499999999942
-10606.878431372548
347.42446043165546
11374.221789883275
-793.1952191235068
424.94444444444525
16268.07086614173
-105.96399999999994
-5599.023715415016
4782.0
3060.0588235294126
2787.7817460317456
57285.0
-8198.388888888887
2996.28125
719.1969111969083
-5280.167938931299
2905.211764705884
-6583.004000000001
-2204.727999999999
1066.964566929135
-5105.039370078743
-10278.56692913386
8659.42857142858
-3073.1146245059317
-1856.9883268482445
457.9133858267742
954.9612403100764
-4063.329411764702
-9427.09448818898
36137.841897233215
474.46692607003934
-75786.13888888888
-85212.796812749
4127.515267175579
-347722.8125
-2349.090196078432
-5929.976744186046
-3526.972332015812
672.354330708662
544.7142857142899
-6261.886274509801
1117.7015503875991
1958.877952755909
243.93700787401576
-2437.9609375
-12605.41860465116
6739.374501992032
-2525.4728682170535
2131.0390625
-6462.435294117648
-9329.64
-8943.165384615382
-6525.46875
-9123.703125
-46842.31102362204
-3757.2828685258864
369.91200000000026
-182790.38
3747.5725490196055
-51187.86055776893
798.4422310756927
4534.0
-2636.264822134388
-53727.86770428019
-1960.33984375
38743.17647058822
-35601.634241245134
4809.117647058825
-1395.288537549408
-2398.02734375
-15790.344961240306
72040.625
1179.3490196078437
1115.198443579764
-2048.7261904761835
-11751.238095238095
726.4241245136182
23794.253968253965
6192.474103585642
1094.4596774193487
14835.561264822143
534.861660079052
2706.6294820717158
-9561.112000000001
15398.3359375
-13199.095617529882
-406.0078740157478
1336.496062992126
-5752.568548387095
-5987.2890625
2097.039370078739
357.492000000002
4556.56589147287
-12673.383720930233
1839.84375
12795.0
-13056.0
-3369.1961538461546
-9096.653225806454
7609.44140625
2842.6614173228445
12292.50592885376
145.23809523809177
-241908.28571428568
22745.61354581674
-2150.3636363636324
-3755.954198473286
-6460.20233463035
-2862.984126984127
1563.6319999999978
-28096.600000000006
-1933.393700787401
-3054.5859375
-6579.901574803149
233740.10980392166
3907.357142857145
-22474.368421052626
5821.103999999992
2570.236220472434
-4683.3372093023245
1560.1141732283431
-10029.4296875
-12928.650793650791
-2695.8031496063013
-6504.835294117649
-83094.27419354842
-3124.4409448818897
-6255.103585657369
-78055.50597609556
5071.259842519692
21787.42857142858
6974.728346456686
-10072.359683794468
-9344.71875
213.04761904761835
330.4724409448827
2767.0282258064544
10167.87644787645
716.6949806949779
-3028.288537549408
-312620.2196078432
905358.7131474104
1644.5903614457857
-4832.5625
376.2992125984256
-1605.7312252964439
22365.52713178296
10258.552941176458
851.960629921261
30554.845238095237
12511.152000000002
2739.9209486166073
65457.86274509801
2550.7649402390452
-3115.011857707512
-6169.7716535433065
773.3166023165977
22438.082677165337
515.5091743119265
146.6129032258068
761.8431372549021
-1849.582677165352
-56415.4347826087
263.7586206896558
30017.618320610694
-3258.9607843137273
3369.042801556425
-3091.091633466138
2225.28571428571
812.09375
-6376.46875
-2988.0592885375518
520.777777777781
23689.165354330675
395.96414342629396
539179.0862745098
-3140.078125
-5535.1627906976755
790.4980694980695
5815.934865900374
1844.248031496063
8550.5503875969
3438.1814671814645
-289983.4
1523.73333333333
1145.16015625
924.4330708661437
10116.960000000006
15694.964285714275
9234.02307692307
1036.087786259537
-3486.0909090909117
49005.20703125
-14697.032000000007
-13291.426877470356
3916.264822134399
10888.767441860458
-1509774.3622047245
4657.861660079056
1589.212598425198
-1311.6627450980413
5326.14229249012
-2257.184313725491
17461.692913385836
20280.30859375
-3682.6171875
9039.887159533071
-21732.60956175298
-15613.88888888889
728.125
14915.581395348854
-2127.1417322834677
1158.4444444444453
610.7061068702315
-5715.3914728682175
-1756.7937743190632
-110445.171875
-18930.150197628456
-3052.4523809523816
800.8400000000001
8117.0
946.6007905138322
3652.4800000000105
46.4600000000064
-6204.326693227093
1857.501976284584
1385.741312741302
-3156.0313725490196
-14495.5
-4562.929961089496
11255.433734939754
288.4883720930229
2269.1875
-9116.49411764706
2365.1968503937096
-3181.393700787401
4896.149606299208
844.8677042801573
-2995.75
7137.4803149606305
2168.9529411764815
-28581.266159695835
3636.5433070866166
1411.7549407114566
-5522.549618320609
-283.6124031007712
-9181.83720930232
-24151.232558139527
123.02390438246948
1434.5252918287952
-17696.700787401576
466.4103585657358
193.19767441860313
-3343.705179282868
-17151.685039370088
1992.9291338582698
1006.209486166008
116492.68897637795
-11832.194029850747
-2125.242307692308
17492.027027027012
-4459.556862745114
41822.262745098036
-9879.44881889764
2205638.0787401577
1317.75
-15097.872509960158
-30098.96323529411
4916.308880308876
-2591.616279069767
-2677.7248062015497
563.5581395348818
-1267.698841698846
169191.81818181812
-3375.69260700389
1208.7786561264802
1377.9090909090883
4047.5521235521155
932.118110236217
-3118.5277777777774
-3376.857142857143
-28547.714285714283
792.6216216216199
563.0583657587558
-40839.5652173913
2423.3463035019377
-2055.826923076922
7659.703125
-195732.92063492065
364.730158730159
332.4645669291349
-5852.697211155377
707.5839999999989
1388.8720930232594
-59061.47035573123
-16958.317647058822
735.8031496062977
-23248.434782608703
-5794.174418604642
5328.92913385827
1391.53125
-3198.24705882353
-70488.6837944664
273.23552123552145
-12507.513944223108
-2718.7007874015762
14437.57142857142
184.5294117647063
210.6889763779527
-23734.369230769233
13316.66135458168
4474.119691119689
-306912.8774703557
55581.41538461554
1411.0079365079364
-6588.984251968504
2721.640316205536
-2416.346303501945
1534.3125
20168.056818181823
481.74409448818915
7431.222222222219
16494.653543307097
-2982.494163424124
-2680.2868217054274
1292.6705882352944
-12234.960159362548
205.57421875
-3183.2682926829257
4520.167315175087
-2117.873015873014
470.4488188976393
8778.624521072794
-6142.138339920948
899.4785992217876
5495.74803149607
-10207.45882352941
3281.118110236217
2420.6456692913343
224.5907335907341
-15675.003952569168
-3067.543307086613
2924.456692913387
-3124.7007874015762
-6497.919999999998
1525.139534883725
5299.117647058825
8753.398406374501
3301.161290322576
15639.846153846156
6496.71428571429
1276.0308880308876
-344.6705426356566
-9975.03112840467
-13224.451612903227
-2892.2857142857138
-9304.462151394422
-3017.3798449612405
-9996.494023904379
3503.4488188976393
-12970.31075697211
33076.41935483867
-28490.941176470573
-31191.3622047244
-6397.561151079135
589.1789883268484
1240.1912350597631
-6422.53125
373.60956175298634
913.8616600790556
-33601.230769230766
-5989.67578125
-4175.75
678.9055118110227
1595.8823529411748
-57867.77647058823
103422.97637795261
20899.444444444438
1170.186234817811
-2227.5511811023607
-9161.125490196078
8791.705882352951
-3146.9465648854966
32558.5
-1941.0413793103453
1904.7960784313764
830.94422310757
3386.97265625
-8319.444444444445
2054.234375
3192.8125
1071.1294117647049
-2699.232
43842.97233201581
-9843.027777777777
285.484375
9095.186046511628
471.8125
-4614.719367588928
470.01532567049435
24468.234375
452.0671936758881
-6612.785714285717
-2092.5476190476184
1234.875
-702.5138339920959
-2750.646153846159
-5550.870078740154
5975.326848249009
311.05555555555475
-55409.735999999975
-177578.3070866142
288.21875
-22133.5905511811
2541.0629921259824
378.41176470588107
130.25096525096524
238.88188976378297
630.7674418604656
4233.031746031746
53079.361867704254
6833.75
24098.46875
-19456.660079051384
-1667.7019607843104
2120.2209302325573
-9659.560311284047
916.265625
14123.509803921566
-3118.8611111111095
2997.122047244091
-8997.185483870966
768.9839999999967
12176.7890625
-2338.426294820718
-12240.2890625
227.177419354839
1190.6147859922203
-30850.66666666667
657.4741035856568
3800.0666666666657
-13089.385826771657
1369.5359999999928
1015.125
4655.059523809527
119.65476190476329
1645.3858267716569
145968.32142857148
319.5
4150.147410358564
-9701.039525691696
375.3618677042796
1233.6932270916368
147.72509960159368
-6215.241245136189
-5527.496062992126
3276.9047619047633
91395.52529182879
-1389.482758620692
51042.96442687744
-115958.36470588238
-79011.68127490042
2197.51953125
80776.12648221344
-9789.053846153845
8795.293436293432
720.8418972332001
760.6395348837214
954.1535433070894
281.2156862745105
10089.228346456686
-2871.171875
15779.992031872505
233.0
-6505.189922480618
8392.556862745085
2890.28125
-22072.454183266935
633.7414448669224
203.46875
2217.5833333333285
-8793.758893280632
1105.615686274512
7445.305882352928
848.5866141732331
-2509.6399999999994
-1903.3120000000054
-3128.736000000001
-1818.4666666666672
3487.5440000000017
-42203.08695652176
-9067.675889328064
-9391.318725099612
48.279999999998836
1457.6245059288522
-6648.767441860466
1500.1895161290304
-2368.184313725491
-5453.863636363632
366.10236220472507
58825.76470588235
-6667.552
651.4523809523816
-2504.283464566928
8882.377952755895
18159.752000000008
-2755.2490118577116
2535.1769230769205
-2312.451612903227
6725.897233201584
715.9137254901943
9420.333333333343
10448.597609561752
540.8212927756613
-3000.0
7282.669291338592
929.56420233463
2679.1176470588252
296.6434108527137
-6465.813953488374
-3029.6086956521685
-19274.03921568628
318.671814671814
-30101.921875
-5877.28515625
-9238.419607843138
10158.50588235294
5495.254980079684
-1957.06719367589
889.59375
7682.185770750992
525768.3294117646
32309.43027888448
-6153.542635658916
1422.6190476190532
4037.9762845849764
810.9123505976095
-13303.375
-15539.217898832692
210.296875
-688.8500000000058
2367.8627450980275
98522.67999999993
4090.806451612909
3855.921259842522
-1943.6470588235316
-9965.727272727272
499.984375
-6471.71875
8688.941176470602
3178.162790697679
576.90625
4249.596899224809
-1567.8932806324083
-3187.960629921261
437.9019607843147
-6338.893700787401
12601.767441860458
1556.4080882352955
-40135.0
6138.312000000005
-1640.4110671936724
-3223.156862745098
283.66153846153975
-2084.798479087447
309.6190476190459
463.87890625
272.0078740157478
1312.027450980393
1347.3464566929179
333.96498054474796
231.68924302788946
7345.6196078431385
3011.1929133858284
323.6141732283468
-3305.4920634920636
922.9565217391282
707.6980392156838
889.6846153846127
2090.919847328245
-854.2332015810243
1424.2440000000024
14347.21875
-12399.011811023622
186.59375
-137873.480620155
6305.1875
463.05490196078426
12667.664031620545
13927.130434782594
-8624.599206349209
-3131.747035573124
-96116.828125
402.67199999999866
332.09375
581.0465116279083
604.6454183266906
-3148.0697674418625
-3074.3858267716532
647.423529411768
126259.25
-5190.647058823539
-2708.695652173914
64.0276679841918
3299.959999999992
57.21621621621671
-3101.3203125
1787.1333333333387
783.330708661415
348.6535433070858
8074.424124513607
-3181.5348837209312
613.0984251968512
2190.4722222222263
13382.359683794435
-2667.4320000000007
160.71428571428623
-5817.070588235292
279.3125
79401.09338521399
-3140.9375
849.6484375
1451.7096774193487
23378.44186046513
267.22834645669354
2502.4823529411806
3398.184313725491
705.1102362204692
226873.73228346452
1301.877952755909
272.52000000000044
416.77906976743907
176.0236220472434
161.015625
50634.333333333314
-6493.49411764706
-6496.64453125
-3133.464
-902.125
-1782.207171314738
1447.2421875
61253.62745098042
-3031.4823529411733
4858.18359375
1005.4803149606305
-3162.6837944664003
6981.481927710847
1062.0551181102346
339.4599999999991
-8991.809523809527
997.7131782945798
715.2279411764721
-3252.344000000001
3453.4097222222263
2250.8482490272436
-4667.5625
-5710.507751937985
4977.3359375
431.4370078740176
-2411.0240000000013
-2851.8031496062977
13977.58634538157
-2635.251968503937
6079.727272727265
-6261.6328125
-3321.5813953488378
1176.1199999999953
-2219.094488188981
30283.130434782623
11554.431372549036
156.64705882352973
11760.72941176471
745.7984189723284
-2561.4901960784337
4672.496062992126
2048.551999999996
4747.7900763358775
5026.509803921581
-140846.4899328859
358.185770750988
1048.316602316605
13703.260869565216
-102895.69322709157
239.5275590551173
-12830.498054474709
45444.661417322815
245.63779527559018
3612.6956521739194
1753.806324110672
-3249.5
-3208.664031620552
558.4466403162078
657.4881889763783
310.0625
35633.466666666645
-50459.59375
-15924.096525096524
770.0866141732258
5709.264822134399
1862.83203125
844.70703125
838.3858267716569
236.30196078431436
215.8188976377951
-9637.249011857708
-3346.3268482490275
115.0234375
497.7782101167322
760.6536964980551
366.3425196850367
1093.4031620553578
7276.0
-299678.0078740157
3590.8682170542743
2165.8800000000047
393.5952380952367
567.3999999999978
-2220.21212121212
22243.4453125
5582.674418604656
639.0778210116696
85708.83464566933
-11830.8046875
8716.905882352934
-2494.451612903227
-9236.479999999996
-6557.213438735176
1983.6111111111095
-2396.835294117649
-100.4117647058738
898.6031746031731
430.44094488188784
23692.837209302234
2060.30859375
7216.61538461539
1717.9130434782564
-3016.2007874015762
-11021.076923076907
266.34387351778787
-2195.3893129771022
-13522.675889328064
992.2071713147379
878.921875
648879.2373540855
-6475.529644268772
-6505.583657587547
832.7065637065607
-3267.9763779527566
3126.1882352941175
157.62352941176505
516.2669322709189
-3224.007874015748
618.4470588235272
1252.3809523809468
-3241.093023255813
1990.3399209486088
1652.1712062256775
-6591.928
2169.215686274518
-10051.20930232558
87447.11583011586
-20984.718253968254
2126.46875
-3061.90625
-3232.8653846153866
627.9923076923078
135.41634241245083
1725.313953488374
-5664.055555555555
-7530.645669291342
683.4393305439335
10286.440000000002
323.77165354330646
939.8888888888905
-3276.234375
2122.0
29921.78125
1301.0390625
62.35433070866111
605.1792828685284
456.9677419354848
59.42519685039406
-2983.2999999999993
-5528.0750988142245
616.1007751937977
1783.2380952380918
1935.4881889763783
81.07999999999993
6926.829457364336
-17173.75
3909.3120000000054
-9956.171206225681
-16635.55078125
-6521.700787401576
-18183.314960629912
590.4941176470602
7368.45703125
648.5511811023607
1537.1550387596944
-696.4862385321103
1343.7764705882291
1144.6440000000002
2566.015686274506
1604.0278884462168
99167.55905511812
-6617.920000000002
-13889.03125
2426.296577946763
714.3464566929106
30082.936254980043
335.08799999999974
-8884.035294117653
914.62109375
668.6498054474723
482.5521235521228
1489.1796875
-6641.100386100385
130.14173228346408
221.86399999999776
67.83200000000033
-1113.3984063745083
-57201.83333333334
1348.418972332016
-3284.7722007722004
4531.69260700389
3882.3149606299266
1383.7588652482264
6958.702811244992
-185037.50746268663
359.6800000000003
1516.3214285714275
2241.0
1107.7181467181435
-2336.1035856573726
8097.603174603166
2985.426356589145
494655.6929133858
43.136029411764866
-115142.76862745103
272.93675889328006
-6601.608695652172
321.03984063745156
1026.6328125
-12108.032000000007
1290.118110236217
769.3505976095621
-3124.1666666666642
-2714.0629921259824
3358.359375
-2888.383720930233
-22331.513944223057
11358.918604651175
255.40157480314883
-1360.5725490196055
1034.625
692.3984063745011
-6110.25
-9215.54724409449
-13978.94140625
372.18181818181984
-3032.8844621513927
7648.627906976748
61.27559055118036
1323.8897637795235
-6486.919230769232
274.12109375
2512.8640000000014
743.7159533073936
-9744.059999999998
-6600.192913385828
590.0078125
2290.670454545456
355.51004016064326
288.8146718146727
1801.8346456692889
-2453.142857142855
-2900.373076923075
-6621.307086614172
-1878.0311284046766
907.2727272727279
148.7109375
-6237.77865612648
1212.7843137254895
845.4223107569705
254.12941176470486
1274.5675675675739
23280.4705882353
982.6812749004021
455.4466403162078
50690.767716535425
-4816.513944223116
1285.5275590551173
7978.602272727265
-2434.4584980237123
1427.0157480314956
125.15019762845805
299.0671936758881
266.25984251968475
649.538461538461
303.84000000000015
-28709.875
450.65882352941117
-3093.149606299212
2473.8666666666686
1581.8139534883667
9708.039370078739
-16733.27559055118
438.7888446215147
-5907.444881889765
-2079.7859922178977
-3050.3474903474907
-35632.93798449612
35851.22047244094
-3264.09375
-16942.09090909091
-16564.035714285714
-3179.8139534883703
-50843.453125
574.7099236641225
2921.015625
434.84375
177.72983870967437
-3105.62890625
14319.124031007756
23338.48837209301
65.79200000000037
20284.119047619053
342.536585365855
1555.9692307692312
9142.564705882352
680.7015503875955
2770.4603174603253
699.400778210118
238.807843137256
129.80000000000018
3689.916996047439
-9550.11811023622
189.421875
170.82608695652198
385.3809523809541
-3026.3243243243196
-2713.51485148515
273.06153846153757
-6422.034615384615
413.43083003952415
-1593.790697674418
-3221.7119999999995
3268.6932270916295
608.90625
3383.7919999999867
1219.5686274509862
1029.7294117647034
522.8674698795185
762.1496062992119
1295.7360000000044
149.1811023622049
531.5936254980079
342.1405622489947
1189.8643410852746
13993.783269961976
1079.1171875
2573.5852713178247
-16073.165354330704
178.52000000000044
2522.7865612648166
1175.7244094488196
29743.931034482754
161735.12
891.0629921259824
-2288.385826771657
-21689.3412698413
337.56916996047585
-3132.5905511810997
127.91732283464444
42963.90588235296
-13484.976377952757
-3261.203125
364.28800000000047
-3203.59375
207.7692307692305
-13418.754940711464
518.5238095238092
243.69649805447443
6693.893280632386
605.0866141732331
-2988.3359073359097
4662.926829268283
-22824.359375
-5948.20784313725
1061.8525896414358
-1835.8294573643361
199.53571428571377
12592.543307086627
1759.2352941176505
1185.0588235294126
1899.484375
871.0198412698446
-2708.9446640316164
11198.333333333343
12630.261904761894
1302.590038314178
18463.809523809527
-1703.0
643.1732283464589
-2895.930232558145
-21450.158730158728
-6765.072727272724
2791.0
-5157.158730158728
163.27626459143903
-2193.573122529644
-179372.1764705882
-2459.5238095238165
141.28793774319092
-20202.186770428016
718.7637795275587
-2854.2325581395344
-3107.116279069767
30766.039682539646
358.9090909090919
-384691.1832669324
843.5298804780905
1230.9098039215678
-2966.9055118110227
410.4921875
151.23735408560242
11915.65217391304
541.4342629482053
697.8640000000014
3026.9683794466546
2012.078125
-5060.535031847132
5538.59375
-6617.031999999999
1018.6535433070894
474.23046875
23790.77906976745
-1673.320158102768
727.5625
585.9047619047633
-2875.43410852713
111503.66929133853
12851.984126984127
2644.625
178.95736434108403
10866.04296875
-467.671875
-6015.71428571429
795.8611111111095
843.7333333333299
299.72941176470704
699.8446215139411
1142.251968503937
4093.207999999984
2679.1111111111095
4013.5882352941117
2862.361867704283
-2481.623529411765
170.13385826771628
-2628.3253012048226
-13380.4375
798.0952380952367
1117.9523809523816
4282.8015873015975
-176757.0
20802.494296577992
4570.468992248061
6359.1111111111095
71294.15415019763
-5865.407114624504
10534.159362549799
1061.9294117647005
-3278.0389105058366
-3249.9727626459153
14998.347826086974
-8966.629921259842
2726.203125
-3303.8110236220473
562.3137254901958
-10321.4140625
2869.082352941179
173.03600000000006
9062.6015625
1151.3050193050149
-3172.4920634920636
539.2217898832678
-3317.2380952380954
180835.88549618318
1362.2322834645674
4157.944881889765
672.0705882352922
-12815.1015625
-12962.749003984063
1418.7857142857101
814.222222222219
1880.2950191570853
-5455.3359375
-3268.540000000001
7012.590551181114
299.59302325581666
-7185.464864864865
10392.069767441862
3048.684824902797
2422.7354085603147
-24479.585657370524
41586.649805447494
742.2799999999988
9222.176470588223
23560.137254901987
1011.6078431372516
-2223.6062992126026
871.8503937007918
247.75
380.9842519685044
678.8582677165396
665.2687747035525
-2716.697674418603
2256.581027667984
2396.6279069767443
7506.1411764705845
57282.196850393666
206.8160000000007
31692.536964980565
397.03125
3443.203125
12093.856573705212
2236.612403100764
328.9803149606305
60129.91411042941
988.6852589641348
1129.0
-2853.4513618677083
674.0
4753.334645669282
-502.960629921261
17538.76356589145
-134677.05098039214
-2225.723076923081
852.1111111111095
526.4552529182874
2367.666666666668
293.29296875
-1549.6484375
903.1847389558243
1825.076923076922
11909.0
2108.69921875
10601.75
3358.8274509803887
1793.885375494072
321.98823529411675
-4210.466926070039
8996.550387596886
-2890.2204724409457
345.09448818897727
4559.434782608703
506.1811023622031
676.6932270916295
78323.91199999995
965.7727272727243
-4987.823529411762
585.3149606299194
1182.0279999999984
13899.961089494172
1950.4285714285652
-6688.543999999998
53921.99212598428
4085.8132295719843
523.4516129032272
-10017.9765625
-18524.24803149607
13992.953488372092
100.92430278884422
2824.808764940237
-7495.166666666657
543.34375
-1861.8653846153848
-149478.09375
685.6640000000007
-33273.196911196894
433.05447470816944
-1786.90625
3071.3386454183274
1413.7952755905499
-731951.1102362205
275.8372093023245
-3177.63779527559
253.039370078739
6921.433070866158
2379.9055118110264
354.89189189189347
10776.8984375
-3216.181102362203
-2956.653543307086
172.6108949416339
3262.1039999999994
862.3587786259523
1497.1354581673295
-10092.897637795275
7437.342519685044
3564.169960474319
435.711538461539
174.05426356589305
-11165.944444444438
142.27559055118036
-38.90476190476329
-3185.89453125
4092.1254901960783
860.3412698412649
268.8818897637793
-6251.53125
2495.1904761904734
3707.1185770751
-2100.383399209488
-1307.0557768924336
2612.847058823536
-14749.32307692308
-9812.843137254902
-28942.408560311284
-2607.576000000001
395.225296442688
301.53543307086693
646.6929133858284
-4618.84375
20891.50194552529
-1701.4666666666672
196767.51778656128
3779.744186046504
-6171.6875
193.7764705882346
948.2431372549036
101042.3622047244
312.1746031746043
-19659.666666666686
1662.7884615384537
557.0194552529174
857.5637065637056
2561.5490196078463
-2943.88844621514
-3210.698039215684
1169.8559999999998
8513.75
346.26459143968896
416.1568627450979
-13532.027888446213
3512.1050583657634
1665.9328063241119
404.01171875
2171.3359375
-16858.370078740154
3105.1904761904734
269.7704280155631
151.79411764705947
699.479838709678
4799.28125
2944.6047430830076
5276.921259842522
-3104.2538461538497
1036.85546875
454.3449612403101
491.9599999999991
353.046875
1349.3725490196084
1719.508064516136
746.3280000000013
873.9601593625484
45441.33333333334
-9992.353846153845
251.234375
-2642.474308300396
88.18897637795271
-6403.14453125
-5445.983999999997
1480.7490039840632
2859.529880478087
-9161.2734375
1081.2167300380243
-6411.297297297297
1387.057142857143
591.743083003952
466.4126984126997
8091.956175298808
1069.8031496062977
737.7322834645674
3278.4126984126924
956.7209302325573
-2939.4173228346444
-9974.875
-3308.008
263.0965250965255
-3071.7674418604656
15280.59607843138
45040.4705882353
363.9765625
700.1739130434798
-5965.886274509801
645.9260700389132
1942.0078740157478
888.9839357429737
-3287.0
165.2823529411762
305.0
18905.37354085603
-1557.0433070866275
369.7999999999993
194.25196850393695
557.4960629921261
2193.2490272373543
186.55769230769147
1620.34375
3765.811023622038
-6457.964143426296
2349.992063492071
4956.335999999999
-12309.6875
-6410.115384615405
696.2047244094501
-13096.954545454544
19110.75294117647
-136310.53488372092
363406.30434782605
5473.787644787633
29628.118110236188
-3055.75
-6598.894117647062
612.6062992125953
-28553.07086614173
-9048.539370078739
1188783.875
7409.047999999981
-3191.2637795275587
-2907.482352941177
-11990.60629921261
483.1653543307111
-14904.15564202334
344297.632
11076.74297188755
5587.411764705888
2774.1440000000002
11742.047244094487
2377.5
850.9880952380918
500.88636363636397
2517.5984251968475
3840.984375
384.95275590550955
-2940.25
7346.552941176458
-7294.496062992126
15097.108527131786
5604.403162055343
-3156.333333333334
-63562.89019607846
170.38461538461524
-3040.850980392155
385.28346456692816
-3216.90625
-1336.1811023622067
-240696.68503936997
3636.613545816741
-136.4803149606305
86.30081300812981
3078.657587548645
22502.94861660077
1137.1930501930547
-25350.944223107566
-15064.378486055779
895.1953125
-3030.87159533074
-13480.840000000004
542.325581395351
10293.84251968503
20019.395256916992
-183592.27058823523
1123.5577689243019
733.9055118110264
358647.22400000005
26436.4453125
-3181.9922480620153
-6697.600790513836
-336.84799999999814
486.65217391304395
1961.6047430830076
457.3333333333321
-2423.600000000006
1105.0748031496041
114.90196078431472
19015.92913385824
-26167.76000000001
-6691.42687747036
392.34883720930156
-19474.086614173226
-3135.476190476191
444.02400000000125
387.09375
-9466.535433070865
2728.358267716525
266.86956521739194
2324.604651162779
70282.52692307695
740.0
-5744.669291338578
927.2578125
271.30739299611014
378.73122529644024
-4345.786561264817
6149.651162790717
3315.6666666666642
3085.33203125
6821.015384615399
262.56640625
1700.9692307692312
163988.22924901196
9643.225190839701
-6732.911764705881
682.4000000000015
9128.774703557312
-2396.9370078740176
646.8488372093016
10414.788990825691
-4050.8588235294155
5314.524904214559
135.25984251968475
430.3149606299212
-5624.5196850393695
-3163.660231660231
1179.2627450980362
114.65116279069753
-2337.9533073929924
-292106.1149425288
-6420.138339920948
3108.7131474103517
-42061.87644787645
754.1764705882306
-6533.0
1412.2401574803152
2998.4782608695677
325.140625
16939.0
168.01976284584998
-2244.3700787401613
525.9090909090919
-21384.968253968254
5747.685039370059
869.0555555555547
-16814.44186046512
887.8031496063013
5338.166666666657
320.0639999999985
-13710.198529411762
543.6959999999999
-56602.27586206896
-9768.862745098042
-104066.56521739135
279.75
61721.5703125
-3052.984375
-10174.918604651164
-10087.8828125
210.4375
-3173.9523809523816
1900.4901185770723
-4870.765625
13365.366533864522
174.609375
-5039.732283464567
1057.1968503937023
444.71653543307184
412.19512195121933
1116.3227091633453
646.4016064257012
32439.58984375
209.84615384615245
2341.118110236217
2074.852140077819
275.5135135135133
1314.8844621514
2712.818897637786
-32758.37354085603
1043.7795275590543
979.6456692913343
-3119.6968503936987
12005.169291338592
3885.4140625
10160.601593625499
-11830.419354838708
-6439.78125
-2169.6535433070894
-10123.940711462452
320.95238095238165
8817.653386454185
1456.2392156862752
911.351999999999
-3492.0476190476184
384.3503937007881
-2749.53515625
137624.6031128405
233.798418972332
369.798418972332
505.71713147410264
-9352.21370967742
742.7131474103589
-3339.083333333332
-9916.166666666668
-3181.302788844623
-1528.077253218884
8730.824427480911
110.55905511811034
835.1195219123474
4792.381322957197
639.2460317460354
7517.01176470588
2843.3125
1149.2015810276644
25255.79133858264
743.1843137254909
167.09163346613605
292.6812749003984
981.2362204724413
808.4883720930229
-3016.596837944664
1601.4862745098071
-67763.56299212598
-1697.8976377952786
-6636.0
481.39299610894886
-3211.5555555555547
314.375
1185.2142857142899
427.40625
-3308.523809523809
3406.365758754866
165.4247104247097
-2833.7764705882364
-6431.21176470588
-3140.8031496062977
463.82945736433976
484.5599999999977
-3183.441860465118
344.00790513834
28394.0
6823.68627450979
2203.52734375
1455.9561752988084
-2196.703125
328.234375
-2587.8719999999994
11061.69921875
-6763.159533073929
571.65625
4906.094488188974
3100.28571428571
-4416.884462151396
3524.5984251968475
2227.1541501976244
1392.308300395256
14380.011673151748
-3322.609375
-6006.346456692911
2167.086614173226
4728.1992031872505
-3308.3794466403124
-2721.496062992126
1396.2270916334674
4753.745098039215
1519.0546875
-3312.806324110672
119.84523809523853
-10131.277777777777
-5860.054263565893
5567.3992395437235
-25773.1328125
4974.060240963852
1028.4800000000032
-3103.695652173912
3221.6733067729074
449.71875
269.8640000000014
2099.411764705881
745.2784313725497
1877.3692307692254
-6659.442687747036
5860.206225680944
1721.1920000000027
-1929.777777777781
322.2403100775191
3109.3255813953583
133.9763779527566
3399.7019607843104
1431.2265625
1222.5252918287952
2753.763779527566
32526.40392156865
789.870078740154
11932.881889763783
273.65217391304395
-10059.571428571428
-2724.5348837209312
1203.8671875
-2955.30739299611
1204.3488372093052
-9650.346456692914
-3123.5
1525.2261904761835
20381.921259842522
384.0
1060.8503937007881
97.84920634920672
6424.25
8000.117647058825
1367.9884169884172
-3094.0833333333358
9322.842519685044
1025.7237354085592
72091.83529411769
9590.935483870966
-1908.4780876494042
628.4117647058811
487.1328125
-2577.1699604743044
236.92125984252016
-403358.4143426295
1734728.5252918287
3652.0
311.8333333333321
-102046.75196850393
148.33725490196048
4885.976377952757
-6658.674418604653
890.9842519685044
196.09302325581484
4991.953488372092
459.03162055335997
5719.250950570335
-3139.5447470817126
226.9224806201546
6546.134615384624
572.0980392156853
4479.015748031496
-14401.426356589145
1721.1050583657634
7524.779527559047
772.1411764705845
315.06274509803916
206.81102362204547
513.8117647058825
384.0833333333321
-4907.953307392996
-3219.875
491.1789883268466
247.65882352941117
121920.0
-1053.1769230769278
-2494.5
-3105.3953488372063
-9317.629343629342
1456.2755905511804
593.6679536679512
-2731.7725490196026
-42758.54545454541
1805.098814229248
496.8809523809541
42290.118110236246
2762.161417322837
849.3937007873974
-133081.89922480623
6769.963709677424
7340.168674698798
1442.934362934364
1207.208661417324
-6705.4422310757
24464.700787401554
577.5059288537523
5270.511627906977
217.15873015872967
1082.1328125
10558.36
-3168.0787401574817
-3158.517786561264
7590.823529411762
39505.984251968504
-1752.734375
930.5486381322917
267.55905511811034
1559.2119999999995
1033.5338645418306
-3278.75
179.4901185770741
1301.2758620689638
-3242.2479999999996
1241.1526104417644
1609.6196078431385
-43621.96899224806
160.06772908366474
25593.40392156862
11343.346303501952
539.3201581027679
128.36220472440982
917.5859375
1831.3215686274489
-3286.940944881888
-6689.79527559055
251.61417322834313
1405.6653386454127
35326.860000000015
2270.8503937007918
1841.9803149606305
16797.111999999997
412.2235294117636
691.6175298804774
-3258.463320463321
13867.117647058825
95369.10756972112
66082.5157480315
15407.92857142858
499.1031746031731
5226.55731225296
181.578125
7829.511811023622
3787.196850393695
-3019.9055118110227
1198.672000000006
927.203125
864.1737451737499
4157.227450980392
254.91732283464444
1208.5238095238092
320.6395348837177
-3042.5465116279083
102.71428571428623
-14135.313725490196
122.28358208955251
1589.59765625
-6540.222222222223
-3281.6317829457366
2453.0434782608645
1766.5862068965507
197.06896551724094
8482.047619047618
-9767.584000000003
1777.0930232558094
-14890.02702702703
253.60000000000036
-16365.003952569168
645.7529880478105
16464.203921568638
268.98023715415184
8463.067729083665
-1956.5714285714275
839.1019607843118
-16167.927419354834
-31391.03571428571
2013.317460317463
-3218.3921568627447
3818.858823529412
-162290.86852589634
-45987.619999999995
1792.3019607843162
5284.4409448818915
-20150.7890625
255.18897637795453
-105018.38645418326
-5757.921259842522
1514.0869565217363
2470.6420233462995
686.51953125
492.53968253968196
5112.911538461543
202.85039370078812
1280.0836653386505
280.70817120622814
-9369.1953125
-8752.098591549293
3924.3125
1027.9453125
55103.921875
1011.6220472440909
1082.54296875
622.6589147286795
-1514.3120000000017
-3257.94921875
788.7354085603074
1406.5748031496041
288.67716535433283
5857.625
286.5238095238092
1087.8640000000014
251.37647058823495
856.4799999999959
-96463.39607843137
721.6496062992155
340.56521739130403
929.6976744186031
838.828125
-3241.5609756097547
273.0720000000001
1070.7258064516136
-2740.0319999999992
607.2625482625481
-2980.760000000002
-3305.4588235294123
173.42857142857065
20936.564705882367
-5318.324110671936
1264.1818181818162
5837.377510040154
19524.796875
1368.9105058365749
217.390625
782.2745098039231
489.95617529880474
2734.8599221789773
1705.488372093023
7274.854901960789
1704.6811023622067
574.6719999999987
1796.1176470588252
573.1192307692327
169.60700389105114
21908.737254901964
-1556.5999999999985
-50534.76000000001
-9984.032258064515
2175.5298804780905
704.7920000000013
-2736.574803149604
913.3190661478584
-46435.91764705883
3131.611764705871
38188.984251968504
34935.30830039526
19414.77570093458
11925.262745098036
-3073.0
-9982.277777777781
1655.3240000000005
2741.828125
893.9803149606305
1512.0152091254786
1054.9055118110227
-12097.479999999996
872.8888888888905
945.9880478087653
-9112.400778210118
1667.9296875
628.84375
-9774.015748031496
1711.7384615384653
1020.5116279069771
-5846.51171875
-2827.7619047619046
695.5217391304323
5877.444444444438
987.8031496062977
-3235.545816733069
-5732.818181818191
372.7007874015744
649.7200000000012
1509.6470588235243
11017.581673306762
5523.984251968504
-7432.162790697672
-2188.2109375
4361.928286852592
-3016.2362204724413
-2767.9090909090883
254.12015503875955
-6290.304347826088
1468.4859437751002
-2635.287401574802
349.0078740157478
600.2727272727279
754.1221374045781
-7056.772455089827
483.44664031620414
517.0236220472434
-16.35546875
-1798.9133858267742
-2967.004000000001
5456.519685039384
95740.0
-3829.25
2725.0161290322576
-87155.25691699609
18606.243346007628
-3124.881422924902
489.3373015873003
-1379.1338582677163
1445.623529411765
611.3864541832663
673.3359683794479
1932.580882352937
7774.150579150562
-16451.144
-5612.074803149604
-2877.447058823527
-13966.225352112684
405.0
430.03501945525204
2363.34375
-9859.549407114624
1586.2749003984063
4010.0476190476184
-6621.924901185772
1983.2677165354326
98.16470588235279
-37283.875
2641.7115384615317
-16539.352941176476
1037.3019607843162
3631.851851851854
2785.2857142857174
33444.41732283466
-6638.7734375
-2858.6875
14003.561264822143
1110.15625
5188.888888888876
463.8404669260708
1041.548638132299
-26481.641434262943
1962.139442231084
-30816.33600000001
-3326.007843137255
480.375
1085.77689243028
1125.1920000000027
-19180.51162790699
1028.439215686274
3216.685039370088
359.01171875
1040.6769230769278
306.4960629921261
234.8260869565238
5637.314741035851
1081.5020080321337
407.4071146245042
904.2320000000036
478.5296442687759
566.8685258964142
6099.1204819277045
4898.648221343872
490.28515625
-2730.883720930229
1220.7051792828715
1777.1511627906875
676.3545816733094
43277.60236220475
-17629.48000000001
2004.4418604651146
-57009.921875
1267.6588235294112
-3192.1019607843155
-2712.241106719368
391.573122529644
-9511.857142857145
179.1875
3268.473684210534
38697.71428571432
48412.92000000001
-6634.976377952757
1243.146245059288
884.5603112840472
62957.629921259824
1283.5
-3004.376
3428.677042801559
494.5
-97765.98443579767
-2939.611764705882
1213.6216216216199
-9501.073643410855
1417.2412451361888
252.05859375
3370.1176470588252
1251.8605577689232
455.78740157480206
3101.3984375
1310.8346456692889
3172.5652173913113
-3173.3647058823553
24048.746031746035
-11821.861003861006
12332.271317829436
-2712.3373015873003
2392.368000000002
260.0236220472434
3355.9047619047633
9894.239215686277
1461667.8039215687
-6634.096774193553
-3053.09375
8560.75
928.7786561264838
-5962.113970588238
729.6875
5518.2204724409385
10380.57142857142
1335.280632411057
521.6115384615405
1983.354330708662
5820.725099601579
873.4549019607803
5078.989189189197
46013.265625
3012.823529411766
11465.434782608703
1061.0866141732258
-3198.7215686274503
1057.5984251968475
-24466.458167330682
2632.0625
3775.4642857142753
-6063.669354838712
1128.7751937984503
169.83783783783838
237.84615384615427
2216.0909090909117
4228.543307086613
4808.1759999999995
-16428.618473895585
197.171875
798.217898832685
1826.9130434782637
1519.107142857145
335.9203187251005
874.8333333333321
285.83399209486197
868.2310756972147
971.8846153846134
310.75590551181085
-17061.952941176452
-3261.069498069499
14539.572549019606
-2398.9527559055095
928.9203187250987
-19777.304347826088
-3172.291338582676
2286.733333333337
9638.874509803922
-23111.976653696503
57920.84860557772
681.90625
4097.874015748035
760.6384615384595
2573.9581749049394
215168.05882352946
-3166.4302788844616
-2933.2777777777774
904.3083003952561
156.0625
990.0634920634911
1454.1633466135536
716.8372093023281
3536.6352941176447
-6039.171206225685
138.9375
-2589.42578125
175.96047430830004
326667.75
327.84462151394473
1762.2857142857101
276.4251968503959
554.722222222219
6657.7312252964475
403.88582677165687
815.8503937007918
-3279.539682539682
7792.162790697679
-3001.105882352942
5759.0
2816.642857142855
-3129.4980079681263
2407.9839999999967
233.27734375
387690.90157480305
6905.478927203068
966.2598425196848
3099.860465116275
148.46875
4353.603053435116
859.3065134099597
4902.541501976284
1669.6875
-4613.748031496056
14574.082677165366
165.06201550387595
1497.6854838709696
112113.82307692303
156825.76264591445
-3207.98046875
-9446.039525691696
3822.494163424126
4614.763779527566
-6293.96551724138
996.6414342629505
-2979.0592885375518
2739.6399999999994
239.14173228346772
7899.733067729103
390.3046875
12579.058823529413
-6371.178571428565
-3306.4375
-10139.770750988144
1800.1724137931014
-3015.3359375
-2718.79446640316
2311.495999999999
9735.821292775683
4626.4745098039275
-1424.91891891892
530.1732283464589
281.5629921259824
4026.953125
-19970.40613026824
-9215.351999999999
2431.8210116731498
2172.2857142857174
-3366.697674418605
2732.7913385826832
780.376470588235
1757.4763779527566
5672.8404669260635
1300.3023255813932
4051.7380952381063
788.1712062256775
-6260.960629921261
1105.5079365079364
-3187.258064516129
9000.80800000002
9117.055118110235
1165.5279999999984
-3167.6409266409282
1449.8425196850367
27912.328125
665.9291338582698
971.2350597609548
499.65116279069844
9284.84251968503
8378.135458167337
3347.302788844623
1061.0355731225281
-9918.6640625
233.65384615384392
-210495.56626506033
2644.3320463320415
-548939.0666666667
448.5813953488396
-3127.942748091602
4952.69767441861
-3069.076612903227
82.5645161290322
133.30158730158655
5054.732283464575
-3280.5294117647063
7505.599999999991
685186.307086614
-3051.193675889328
623.6829268292713
1527.3919999999998
-2647.5
237.5546875
312.2205882352937
-18861.05118110236
125.38339920948602
188.953125
213.57915057915125
-10059.75590551181
2336.4803149606305
-2961.834645669289
1774.5714285714275
-3217.3120000000017
220.58730158730123
1418.9761904761908
4505.206349206346
-11956.267716535433
5072.765625
344.25
2396.6842105263204
828.9881889763783
3933.875
1165.3858267716569
-16235.649805447465
606.2578125
1095.5098039215663
370.54406130268035
9472.411764705874
2853.8582677165396
-22093.28235294117
403.1338582677163
3812.679999999993
784.0480000000025
1199.96875
247.89763779527857
327.4480000000003
-39519.333333333314
1873.1679999999978
2133.730769230766
511.4661354581658
-32421.988188976393
-2559.1875
616.3464566929106
2143.294117647063
156.61417322834677
-3278.860557768923
458.3478260869524
-134734.84765625
-2097.259842519692
-2952.632411067192
-116.61417322834313
1005.3809523809541
419.80555555555475
191.4785992217894
649.6015625
466.07142857142753
348.3227091633453
-2898.183266932272
460.13725490195793
881.2430278884458
430.69291338582843
-6599.5
-8176.890196078428
2133.442307692312
2801.2598425196775
3791.677042801559
-3010.324110671936
165.75590551181085
208.27237354085628
311.8616600790483
833.5348837209312
1464.5714285714275
2701.067193675888
1645.767441860473
-3274.1384615384613
278.3346303501967
3343.145098039211
-6193.544000000002
1822.8372093023281
2575.9561752988084
5673.56972111552
179.453125
2576.972762645906
2438.2598425196848
1663.125
3617.1796875
616.66932270916
1198.6482213438721
273120.7058823529
-6206.270588235297
-13133.521235521235
355.03212851405624
79042.71428571432
-50811.46692607005
470.72440944881964
-562.8352941176418
452.42857142857065
254.40711462450417
-6566.125
211.04651162790833
-2500.274509803916
4425.0
696.2957198443546
3463.0859375
788.7751004016063
2454.737051792821
613.4883720930229
1062.122047244091
-2550.3921568627484
-5192.692015209126
804.1384615384613
-2833.6941176470573
511.5866141732258
-21485.248995983944
-2489.755905511789
-6428.312741312737
878.3294117647056
5281.396078431368
169.61752988047738
-1963.0232558139542
-9052.346456692914
1196.0501930501923
261.3505976095621
1756.3467741935456
3344.448000000004
-86262.25680933852
-2007.5294117647045
1279.1213235294126
-9013.223529411764
963.5714285714275
-67027.53333333333
-3276.063492063493
373.2784313725424
-10024.440154440155
177.6821705426355
-37409.72332015814
925.0
900.22265625
-9960.0
451.0199203187258
3239.2509803921566
1417.3538461538483
-24728.858267716598
2782.6046511627937
892.8287937743153
2911.0311284046766
28771.98443579767
817.3281853281806
-9365.734939759037
658.375
-3101.8976377952786
409.1395348837177
-12206.214007782095
62265.39215686277
-221177.11764705885
503.4730769230773
2197.5
3602.392156862741
-16683.88888888889
-6345.84462151397
-3247.0625
601.1377952755938
333.28346456692816
332.5058365758741
1248.3759689922445
234.13385826771628
391.9921875
2316.055999999997
-2401.9652509652515
2930.2283464566863
508.75581395348854
7128.724409448827
-6401.614785992217
12301.423999999999
16537.2890625
-13420.200000000004
1826.6297709923674
1532.1705426356566
1653.3439999999973
2541.232558139527
7566.78039215687
2255.0395256916963
205.75
1987.4703557312314
365.60784313725526
97931.69841269846
-9826.155642023346
5035.28125
-3147.543307086613
600.0239043824695
783.0980392156853
2154.777777777781
-37.05533596837995
14807.913385826803
622.4863813229567
1471.77689243028
1018.186046511626
259003.8656126482
1478.7846153846185
-3206.14453125
1553.4103585657358
1393.1007751937977
1492.8577075098729
1254.1023622047214
54835.503999999986
-6184.984375
624.2325581395344
-30839.230158730177
846.1792828685284
18836.136
-9702.083333333336
-6159.729411764703
1902.1359999999986
70.76190476190459
-3026.5476190476184
921.3579766537005
-3145.1042471042456
-9643.560000000056
213.35384615384646
415.3709677419356
2707.574803149604
842.4743083003959
-3132.916996047432
3722.969230769231
-13373.9609375
-16744.474103585657
14482.302788844623
-9259.301960784316
327.3426294820747
-2852.2578125
1683.6653543307111
983.0833333333285
748.84375
46161.37450199203
-3303.07335907336
2168.8616600790483
-2916.1338582677163
12876.615686274512
5915.007874015748
2132.450592885376
-33427.05147058823
934.0517928286863
921.0823529411791
3132.3464566929106
-6476.7027027027
1991.13385826772
1014.1666666666642
250.90399999999863
2388.3647058823553
5083.3333333333285
-5877.466926070039
-6575.129032258061
410.9367588932837
875.6653696498033
-3922.1811023621995
-1762.7647058823568
3972.9849056603707
1924.627906976748
121.70270270270339
15528.09375
430.1692913385814
-3210.131474103586
-6468.25882352941
-2709.363636363636
665.7529411764699
3439.515873015873
1536.6771653543328
355.28685258964106
12667.23076923078
-3123.320158102766
-2935.3803921568615
-37743.296875
54535.28030303039
-56395.25968992247
-5619.9375
2129.0705882352922
-9602.517647058834
3210.464000000007
1814.789682539682
-28083.015625
265.9130434782601
3963.5511811023607
702.1764705882379
4459.9302325581375
-9292.094488188977
1096.98418972332
-2130.5
-23373.635294117645
526.2790697674427
64221.36434108531
-33094.89883268485
9743.515625
98686.4375
-5689.684824902724
-3193.5920000000006
3623.0551181102346
-9808.745098039217
-3136.1899224806184
-2791.09486166008
91354.22178988322
70366.3464566929
646.2558139534885
1086.54054054054
-5998.896414342631
-2100.166666666668
-3156.405405405407
6116.1428571428405
1110.4609375
2377.619047619053
-5763.05078125
-3134.276679841898
2040.5538461538454
4143.304347826081
9847.17898832685
1834.1484375
1796.7265625
1785.2868525896338
494.38888888888687
-6631.138888888887
946.7450980392168
-54231.578313253005
-3089.7154150197675
2648.8588235294155
1551.2857142857174
-39224.614285714284
1125.9838709677351
170210.72440944868
-692.2471042471007
-4011.9444444444453
-8445.611764705885
5081.364705882355
-2737.9199999999983
318.98443579766536
523.6567164179105
-9151.35546875
546.4724409448827
2578.6349206349187
3777.5
3151.1181102362316
128894.85658914724
-6650.755905511811
-2780.631372549018
1280.234375
189.54117647058774
4715.988636363632
-3049.751968503937
2935.9055118110264
2278.2173913043516
-2437.418604651164
-6857.654135338351
308.3003952569161
2186.4285714285725
32824.95999999999
6590.937007874018
4933.177865612655
68810.31075697206
-336.9566929133871
225.84980237154377
3114.1872509960085
16679.78571428574
-3135.6349206349187
710.8503937007845
1194.5357142857138
740.3241106719397
-591.6880000000019
17812.181818181823
2475.5936254980043
-20924.286274509795
2875.7479999999996
-2846.6521739130476
1479.9133858267742
-2222.9920634920636
219.24803149606305
29754.830708661408
982.6023622047287
-59129.30434782608
218.09411764705874
874.1428571428551
1511.8928571428587
704.0389105058348
-2422.37109375
9535.894117647083
-1430.9322709163243
-2600.407114624504
2162.0952380952367
7508.984790874529
3513.165354330704
-5685.151750972771
5070.887159533071
-1750.7322834645747
-679.8661417322874
2562.519230769234
10504.591999999997
1472.5217391304395
-2916.996183206109
3679.751968503937
3721.722891566271
-3929.385826771657
24765.85714285716
7581.679999999993
13839.080000000016
807.728682170542
-36288.8078431373
-2691.5490196078463
2226.28125
8141.024193548379
-254488.59999999986
-4993.086614173233
1415.328125
6345.804780876497
2802.2346153846156
161.28793774319092
-5571.023809523809
-13083.307086614172
-6263.0697674418625
415.04878048780665
19184.342629482097
5983.220472440946
-32368.74117647059
2558.2923076923034
129745.85714285728
-1843.2598425196848
2200.5019607843133
3996.222222222219
1373.952941176467
-12140.151162790695
45593.82677165355
476.99203187250896
571.9534883720935
-3740.5555555555547
-17076.058823529413
-2656.796875
13492.98449612403
-1014.38671875
2122.311284046693
2185.5873015873003
-26353.874015748035
-10400.350194552528
8553.566929133856
-3247.583333333332
-5330.134615384617
1168.0
-6250.736434108527
-40865.90551181103
-3298.418972332016
-5943.652173913044
3543.578125
-15324.286852589634
535.0717131474121
-1139.212355212354
335.82470119521895
4176.3622047244135
1661.2421875
28214.0153846154
12417.27272727272
-2288.9019607843074
783.288461538461
-13805.992094861656
2074.9360000000015
321.2824427480882
-3144.73046875
-6376.55859375
2908.9294117647078
9305.650793650799
2792.438735177864
359.03571428571377
-2927.5515873015393
-4917.8046875
563.411067193676
-2483.1176470588252
936.328125
-2061.876447876446
3588.7211155378463
226.23255813953438
1124.3622047244062
-12231.9140625
766.09375
81.1653543307084
415.58365758754917
-3845.142292490127
-82710.7244094488
6201.813492063491
-2196.6190476190477
-35296.77777777775
577.041984732823
46320.08799999999
15359.405511811026
-1485.9457364341088
73544.92125984258
-8357.328125
-10016.10546875
-2319.3730158730104
-6054.961240310076
3438.806324110672
7404.470588235301
-31245.756756756746
-45023.7159533074
-23994.967479674793
538.5
11692.929961089496
-12811.50588235294
949.0235294117665
1507.0289855072479
-646.2055335968398
-41936.40625
222.83333333333212
1348.4400000000023
-7888.8615384615405
2984.16080402011
-18876.832684824898
12304.835294117627
1237.164705882351
1422.294117647063
-2316.513833992096
568.566265060239
922.8425196850294
14361.952380952382
10840.846774193575
1325.3215686274489
1940.482213438736
-38207.13513513513
3935.5
-3394.343629343628
-3596.8412698412685
-4645.496124031008
1559.3098039215693
146.21428571428623
7917.1111111111095
2853.5976095617516
-9474.4140625
-1668.1322957198427
-2023.5564202334608
265.90625
-3182.712062256811
-5920.511811023622
-5801.604651162794
-472.1840000000011
2196.6640000000007
-33286.712
-32517.856
-683.768
-1090.239999999998
-595.3170731707323
-13317.795275590557
-1515.707317073171
-564.5217391304323
-2452.7362204724413
3887.3254901960754
-10246.682352941178
-928.3385826771646
-7862.561264822136
-7337.439999999999
958.3745173745119
-94199.44488188977
-3116.83266932271
-877.8871595330747
-4057.8527131782903
-12102.411764705885
1234.1673151750983
1163.9166666666679
2981.3040000000037
1141.8730158730104
-2866.8740157480315
-30021.303501945513
-5598.095617529882
1400.8240000000005
632.251968503937
2364.1811023621995
140.86397058823786
37329.20392156864
5588.272727272735
-4087.2598425196848
17552.01176470588
-5429.68
2029.8203125
-25731.230769230766
-1399.7529880478087
4788.0
606.9647058823466
5884.731060606049
4880.0
1854.8125
3594.1853281853273
3285.44787644787
4974.883720930229
-5182.302325581397
976.5482625482618
2060.3385826771646
990.0118577075118
1553.642857142855
-47603.22709163345
-1490.8888888888905
-48869.10399999999
367.447058823529
-66132.3464566929
4355.822134387352
-29856.343629343624
-2909.837209302328
7540.55378486056
-47869.551181102346
2766.1889763779527
-2285.357142857145
-181053.859375
136.5119047619046
-2411.488372093023
-2797.256916996048
60134.92125984252
-12142.442687747036
-16064.85714285713
-2146.4566929133853
-3894.837944664032
-7461.776470588236
2090.569169960474
535.5
5249.108108108108
440.83399209486197
-3099.3895582329314
-4250.0
806.7637795275587
1007.0153846153844
33555.857142857145
-6490.267716535433
-2081.88932806324
-3989.1785714285725
4859.925196850394
-7920.171206225681
2409.1343873517762
-3274.921259842522
-5161.960474308296
7919.470588235294
212973.7430830039
1171.7142857142826
-8428.15625
1806.5866141732258
-130607.28346456692
5502.456692913387
-16595.904761904763
-2526.798418972332
-691.4477611940292
-17400.838461538464
5728.933333333334
-37055.03149606299
1351.046875
16344.147859922174
-3724.9333333333343
-49470.33333333333
6399.186770428016
1753.24705882353
-3267.0952380952385
-804.4692307692276
-39352.812749003984
810.8774703557283
-5597.858267716532
-9625.42578125
2720.299212598431
-1698.1317829457366
-3596.887096774197
-1669.5118110236217
1986.6889763779545
-2840.103585657369
-14065.86821705426
175.34645669291422
-170130.30588235287
3529.625
5975.692913385828
-6128.354330708662
45684.42231075693
-5430.28571428571
-10772.856
-3146.6614173228336
1608.6470588235243
8881.786561264824
6089.587301587301
-7834.252964426876
22279.627906976733
-5952.111111111117
1196.1312741312722
353.58823529411893
6173.6953125
-2040.1937984496144
-235.61240310077847
-41604.23320158104
3604.1199999999953
195.4765625
-3224.363636363636
7634.65625
537.265625
1069.0314960629912
2804.952191235061
-3119.2170542635668
-2445.610038610037
-3836.9254901960776
-4425.900763358775
-425217.28627450974
-1345.6456692913416
104.5797665369646
7829.470588235301
14199.142857142855
3151.6614173228445
-8157.5436507936465
6347.3385826771555
-49016.619999999995
3252.724409448827
339.72834645669354
599.7976653696533
7412.309523809527
84653.29482071719
9636.268774703552
179.234375
-1182.1102362204729
55563.465116279054
-2020.9409448818897
3659.198443579764
6535.3385826771555
489.97297297297337
-34721.37209302325
-2898.6612903225796
1445.7081712062354
-948.1196911196894
-5524.536964980543
271.41732283464626
-7469.866666666665
2931.879844961237
1753.5019607843133
-10245.745019920316
210.16600790513803
-31559.150197628456
-6464.857142857145
-2740.6988416988424
299.96875
-3025.6395348837214
1266.5679999999993
-2848.719696969696
4583.245059288543
886.660079051384
12525.81027667984
-3136.8110236220473
24506.3515625
37945.646387832705
1900.0
3200.351778656128
-2918.283464566932
519.28125
8676.5546875
5079.133858267716
3034.658823529411
12112.198412698432
5181.868525896425
783.2806324110679
-1053.2891566265062
4183.208661417331
-9675.75294117647
37.042635658914605
-26105.5076923077
25759.432432432426
1250.268
821.0787401574798
18429.333333333314
8674.555555555562
-72743.29644268774
21670.96047430829
10270.153543307097
-1758.375
-12864.767441860466
3357.1538461538457
4448.342412451355
-38075.83529411764
22374.46153846153
-2943.0
-120019.25
-5257.342629482067
1457.3110236220527
4546.843137254909
234.36653386454236
-799.9920948616636
167.6614785992133
651.1792828685284
1235.18359375
-6172.3125
-13768.376470588235
1390.0731707317063
304.9921875
139.49800796812633
-3011.75
1232.28125
-14206.032
359.5519999999997
-6699.6334661354595
13692.829787234048
-1717.2441860465115
-1489.6111111111095
2778.2461538461503
-3221.3618677042796
8125.648000000001
-51370.568627450964
16425.498007968126
237.38582677165323
64410.953125
-9497.5873015873
-27253.72
1195.8988326848194
5456.096000000005
-12195.881889763768
-35172.20000000001
2205.368000000002
-3867.032258064515
4750.031128404662
-3284.3779527559054
452.54901960784264
1011.9575289575296
-18123.45669291338
-7203.1111111111095
23291.125
-4976.038910505857
-5079.65625
-3293.140625
-5217.727272727272
683.4758064516136
-5027.75294117647
3846.6346153846243
4871.320463320464
-8876.9609375
5699.512000000002
1501.8503937007918
-11533.960000000006
-2039.3976377952786
8411.94941634241
4933.319066147858
1079.2807017543855
-8638.24409448819
691.1176470588252
5892.815999999999
-3322.2421875
-2071.396825396825
-4761.171314741037
-80488.75875486381
696.9494163424097
2475.5511811023607
-1236.8425196850403
48215.15322580648
-3128.0833333333358
11534.834645669296
1824.417322834648
-5726.236641221374
-13864.722222222226
1327.3346303501967
-3142.208661417324
596.0796812748995
-17102.677165354333
1855.4903474903476
3386.7098039215707
1668.7857142857101
8265.686507936509
7158.639999999999
1576.7370517928284
-5770.600000000006
106.36254980077501
-8632.873015873018
21856.31372549021
169.6171875
1864.4046692607008
-535.1254901960783
1274.1023622047214
132.35408560311225
1883.7936507936538
-4888.5
2277.877470355732
-9834.851405622489
-2624.6901960784307
2606.4803149606305
65675.2371541502
7806.632000000012
509.77689243028
-60193.438247011945
4411.770428015565
478.28627450980457
11229.692607003875
-4275.640625
-20326.0
1527.239999999998
-5626.453125
20122.20233463036
4146.822580645159
-77286.496031746
450.9764705882335
903.0588235294126
-1840.1641791044767
-569755.8980392157
11937.575875486393
1982.4921259842522
-6232.360465116279
1658.1906614785985
-955.5219123505958
2881.5196850393695
-1428.6774193548408
-2416.1399999999994
1832.6549019607846
3088.3360000000002
-3240.5348837209312
-5539.487999999998
-1555.431372549021
692.9724409448827
-3241.1422924901162
10934.27272727272
6472.964143426294
17360.154440154438
1114.1039999999994
825.9199999999983
2177.423529411768
796.1081081081138
30112.678431372566
3310.60629921261
582.6535433070894
2550.924302788844
-13490.621621621627
-1599.2423076923114
3666.2948207171285
158005.23076923087
1726.7142857142862
-5921.466135458166
3715.1889763779527
-22535.759999999995
-16453.083665338636
3143.15625
1077.964566929135
-2843.392996108949
-2975.694117647059
2812.1137254901987
-2339.5669291338563
-20575.803149606298
518.9450980392139
-3227.683397683397
-5122.53629032258
5528.586872586879
-79.26086956521613
4018.7888446215075
29475.984251968504
3997.5458167330726
41465.9296875
-2535.2490118577116
1610.9058823529413
121723.93307086616
1327.1417322834604
-6055.948207171314
1895.549407114624
21241.627906976762
623.50980392157
5108.2109375
-13179.642857142855
30588.0078125
-1677.4375
-387.04761904761926
880.2509960159368
-6454.802816901407
764.3760000000002
-29260.07421875
-18584.65625
-6175.394422310757
7927.5625
1961.2209302325573
2984.6800000000003
-4101.494071146244
1150.9212598425147
3102.984375
359.875
350.22399999999834
381.34108527131684
1271.7944664031675
443.02702702702663
898.782101167315
-1096.7479674796741
-26818.1484375
-664.2941176470631
15934.671936758881
-2717.351999999999
25057.862745098042
2477.1818181818235
764.393700787401
3998.015625
924.75
-2521.0039215686265
-8221.863453815258
-427.384
1822.787401574802
20107.69565217392
761.34375
-3069.7568627450983
5971.545816733065
1918.7442748091562
2302.8125
9585.850393700792
6717.065637065636
12309.78571428571
36651.25691699609
-7791.707509881424
755.5679999999993
1639.7413127413092
32826.445783132454
6764.297619047604
-14870.260700389103
1427.6047430830076
-1032.5372549019612
1856.652671755728
407.1196911196912
-561.2451361867716
-1742.5657370517947
-19966.58139534884
-8747.633466135456
15059.0
-8743.615999999998
356.8790322580644
2321.9397590361405
-6383.799999999999
619.7014925373132
-7348.68076923077
5694.365758754866
-2861.246153846154
-2384.0
715.1411764705881
-1511.9037656903747
31131.328125
268.9763779527566
4392.375
-2379.6692913385778
3090.2784313725497
3688.4501992031874
2442.8690476190477
498.1259842519685
124015.8449612403
-1726.3585657370513
-5774.565217391297
-2006.0308880308876
694.2283464566935
15074.0
-4673.095238095237
3236.301470588238
3253.858870967735
2941.232
-2484.125
45354.338582677156
2497.588235294126
515.6111111111095
-11065.058823529398
273.4883720930229
-6577.700787401576
8752.741035856568
194.81853281853364
-2568.346456692914
6062.4103585657285
6464.296442687744
6735.605577689246
-12601.558139534882
4190.3203125
-8824.248062015504
642.7984496124045
1010.6046511627901
32846.28235294117
5798.235741444863
-305332.2941176471
1215.445736434107
-796.4285714285725
4636.003937007874
558.2857142857138
1002.539682539682
511949.4505928855
-1064.2117647058803
2172.58984375
2790.322709163346
-4655.1640625
-5872.435294117648
-33684.56972111558
4615.74609375
944.7874015748021
-4005.2790697674427
825.9448818897636
2929.5905511810997
-1355.6666666666679
-2918.746031746032
872.3968871595316
1071.0632411067163
10362.447470817118
100211.68235294113
9492.779527559062
9268.237154150196
-10906.951219512193
-4469.194552529181
-356226.968503937
28540.313725490196
16304.438735177857
-6378.421875
-6578.463414634145
-2972.5234375
12918.415019762848
-5663.37109375
724.5096525096524
-6954.980079681274
638.0238095238092
5119.0697674418625
-4703.6796875
-5886.54330708662
-9245.592156862745
-1585.2823529411762
4397.866412213742
-18237.88416988417
-26450.147410358564
-3018.625
6236.529411764714
5439.857707509887
6395.078740157478
2146.7250996015937
1965.3385214007794
-6207.024193548386
714.8046875
9705.284046692599
-5429.341463414636
336.65060240963794
-1913.9461538461546
26015.490039840646
-9548.9375
-8039.956521739132
-3690.028571428571
274.14285714285506
-3101.038461538461
20716.675889328064
-3517.7859922178905
2339.5625
-6294.094488188981
119661.54330708657
12850.223529411756
25793.761363636353
32082.02000000002
10322.59599999999
1764.751968503937
-48261.600000000035
-3207.09486166008
-1989.7884615384628
859.3046875
5565.138996138996
-9698.767999999996
-2069.1181102362207
-5281.504000000001
-1157.9677419354848
-2192.1317829457366
-5906.929411764708
12166.7734375
3011.1984126984125
-5022.755905511811
-4279.773809523816
5331.540000000001
2526.047244094487
-3009.152000000002
1246.7795275590615
-7938.343999999997
36087.724000000046
-3176.611764705882
2224.610894941634
-5183.9453125
5809.842519685044
19219.76953125
149480.19999999995
2906.804000000002
72402.9296875
73554.63779527566
3505.820717131486
-2516.1732283464553
972.960629921261
1189.2160000000003
2249.968992248061
7320.391304347824
671.5039370078739
-3869.190476190477
-12365.965116279069
20123.740458015265
4357.304347826081
3522.2310756972147
13380.692307692305
141.20392156862727
2558.5714285714275
-2729.1388888888905
1943.7450199203158
22295.21739130435
875.565217391304
-2441.2992125984238
-6168.920634920636
-181.53731343283653
22428.24193548388
6823.304347826087
-905.1541501976317
8713.329317269076
8908.095057034225
-1100.5576923076915
1328.2127659574471
333.463320463321
-2551.166666666668
3117.3488372093125
242944.41269841278
1032.3100775193798
8210.658823529404
-22557.03937007874
1692.3937007873974
5028.743083003952
-2351.296442687748
-6842.805555555555
28408.39453125
3288.699604743084
-1117.707509881422
-1015.070866141732
657.4285714285688
-1566.0232558139687
-1559.2705882352966
3306.760000000002
-9871.785714285714
1718.9565217391282
18320.558139534885
247.45019920318737
27842.869565217392
1438.2352941176505
547.1976744186031
-2732.623076923075
1902.705882352937
-9393.071428571431
-45418.71653543308
880.9047619047615
3304.6399999999994
-5452.120000000003
-2560.78125
559.0513833992081
6600.023809523809
1847.5546875
6244.549019607843
-53673.50197628458
1422.3100775193798
3176.795275590557
-28823.277108433744
4114.078431372545
3614.3492063492067
-5817.964566929135
5196.2558139534885
-11880.71428571429
1087.6904761904734
-12271.78431372549
4530.398406374501
924.576470588232
579.6877470355721
-10403.941176470591
5685.507874015748
10772.5625
1957.7906976744162
4390.7647058823495
-5021.05577689243
-12442.448818897632
-14193.6640625
-12779.66796875
1832.7401574803225
-38170.79296875
3843.0
-1706.5961538461543
-3786.6972111553805
-4570.52
140.5
-6059.645161290322
-2237.358267716536
-11522.559055118094
-6508.0703125
4058.94422310757
-6694.507751937985
358.7035573122557
-4241.511811023622
-5062.666666666664
5073.751937984489
-1139.8804780876526
-3741.8461538461524
-25736.59375
7738.143396226413
307.125
311.39600000000064
-1172.8515625
3044.8203125
585.1183206106871
-363673.71830985916
5581.1906614785985
-5165.790513833992
-58188.653846153844
2508.3600000000006
7982.3107569721105
-5250.035294117646
1125.7011952191242
-2114.4523809523816
19709.92156862747
9557.625482625488
-2845.3779527559054
4784.719999999999
6563.281746031746
-2902.6719999999987
-5550.185770750988
-12988.69322709163
2422.2061068702315
-2692.71875
-7463.590551181103
62.870588235295145
-2874.5647058823524
2636.68359375
2903.8911290322576
1635.4890109890111
-2416.3565891472863
-247.77777777777737
4235.48828125
-6338.494163424126
-3155.798418972332
9717.458167330675
4925.552123552123
7054.492063492056
4774.878048780491
4221.720472440945
1302.628458498024
-282205.4166666666
16946.152671755728
434.3385826771664
262.49253731343197
2307.8685258964106
-20090.90039840639
331.0894941634233
1565.1280000000006
3693.0650406504064
784.19140625
-308.796875
-34125.37698412699
15682.223938223935
10305.568093385213
1025.6666666666642
2925.7795275590615
6627.674418604642
2707.1463414634163
901.3690476190477
-60239.30350194557
-101106.92885375489
-3593.873015873014
-14759.0234375
3343.700787401569
-2268.717647058824
1494.1578947368398
656.63671875
-5174.370078740158
-7146.325581395347
-2096.3725490196084
208.8685258964142
-2211.287401574802
285.85770750988377
868.1627906976755
10030.904761904763
21319.44488188975
-2129.984435797669
3223.3891050583698
501.77165354330646
-5167.611764705882
754.1511627906984
2739.40625
-8389.76470588235
-8435.396761133597
-2096.6889763779545
-31749.01587301586
827.5875486381337
-42317.825396825385
1239.5279999999984
-6455.34251968504
755.629921259846
-12663.67716535434
-16068.003891050583
7790.654901960792
9275.352272727265
-19211.16015625
1443.9723320158118
43462.513944223116
-12341.362204724399
274.4761904761908
34062.88372093023
672.06640625
1849.282945736435
2343.6117647058854
19958.105263157893
-12251.9921875
909.83266932271
320.72799999999916
14102.426877470338
-16581.87747035573
5894.314960629912
1183.7098039215707
-5930.39534883721
189.02400000000034
4380.321428571435
-2324.6796875
-16125.95703125
-6497.980237154152
21001.592000000004
-6306.492063492064
1218.15175097276
-192530.81060606067
-5012.077205882353
-9894.885826771653
2550.5669291338563
-13664.256916996048
2355.215384615385
-870.4235294117643
585.4884615384617
-2797.751937984496
-2181.68359375
642.8976377952749
-12223.12355212355
638.802371541502
855.2723735408581
2696.8203125
-3146.5546875
-28806.531746031746
1384.6141732283431
1163.8446215139447
-400.0849420849445
-2586.4047619047633
16722.231372549024
5648.624505928856
-1613.5945945945932
4116.353846153848
276.28346456692816
8096.831999999995
-6369.034615384615
990.3937007873974
1127.2086614173313
-5711.929133858266
926.4470588235272
8456.376
-5681.35546875
11981.544747081716
2026.106299212599
-2395.055999999997
1368.9961089494172
1524.8671875
7275.556000000011
-7285.71875
769.6377952755902
-6334.975609756097
4670.8914728682175
3171.9768339768343
-3259.6692913385814
15633.178571428565
730.28125
-1992.0
1906.9761904761908
-4346.81640625
-9279.13385826772
6877.347826086957
-4254.3914728682175
-9549.968992248061
-9449.805555555555
-10904.229249011856
1055.0470588235294
3654.078125
249298.73228346457
2519.0117647058796
2446.5369649805507
-316.67704280155885
-7716.16129032258
-5240.796078431373
96074.6000000001
-9607.695652173912
-17025.523809523816
-8975.338709677453
-1338.700564971754
-826.225296442688
11708.117647058825
2743.8740157480315
-3053.7109375
2000.7411764705867
1084.75390625
488.75
332.56589147287013
2161.2607003891026
-6152.52
-5313.40625
1232.8554216867487
-14096.814229249008
511.26771653543256
-67021.531496063
13085.054263565893
6465.85826771654
1394.666666666666
-2373.419354838712
-47433.0
2904.4679999999935
-6168.3888888888905
-1152.515267175575
2893.4444444444453
6732.58139534884
-3802.1181102362207
1640.7142857142826
5482.937254901961
-3331.5119047619046
-14697.03112840467
-78358.96047430832
2964.733590733591
971.3913043478242
-13130.90625
1363.3229571984484
2562.3579766537005
-4959.073929961087
122.0627450980428
8416.227450980397
-5962.416666666668
46354.43307086616
28540.444444444467
-2937.61328125
61454.77952755906
7752.857142857145
1775.9682539682544
20835.6294820717
-1000.8605577689232
1501.2134387351762
772.6062992125953
400.8292682926831
-2877.317460317461
-12476.627450980392
-3855.6066176470595
1911.8207171314734
338.44881889763747
-1441.135135135135
-240.14566929133798
-988.8559999999998
88398.84980237152
-5762.448818897636
-11115.023999999998
2745.1384615384595
2836.875968992248
-1111.8346456692907
-1625.4015748031488
6155.675889328064
602363.5179282869
3407.4166666666642
5453.79770992366
71872.40000000002
-6132.007968127487
22778.75
-687.6746031746006
1533.3015873015975
1020.830039525692
119.02362204724523
-8910.650000000001
793.2639999999992
23240.11023622047
963.822134387352
1672.0629921259824
1060.9680000000008
3602.166666666657
1679.639534883725
3429.46875
-2682.7692307692305
665.8957528957544
3392.168627450985
-593.901185770751
4916.385826771653
540.7058823529405
-6147.059523809527
-2612.229249011856
-8886.67741935484
10557.8253968254
-3213.447058823529
1263.7081712062245
-27472.782945736428
3724.470817120622
-43440.23715415019
5630.294117647049
-18229.956521739135
811.9561752988047
-10433.496183206105
4195.487999999998
7529.145593869733
1726.8909090909074
-65922.70038910507
5071.882352941175
20179.98023715416
-3198.199999999997
2137.567567567574
856.4902723735413
-63295.739130434784
10174.745098039217
4549.119691119689
1359.109375
-1541.1744186046526
-83832.56299212598
3227.2598425196848
1153.5748031496041
14865.317647058822
395.4342629482053
-5010.0873015873
-3284.1181102362207
8946.733067729088
-562.8571428571449
-7819.047244094487
4244.906614785985
-3197.4860557768843
-7530.0625
-6423.341269841265
5939.789883268473
592.9685039370088
848.960629921261
32821.3255813953
-3139.6303501945513
9680.8418972332
-7632.618110236232
466.864864864865
43183.23412698408
-13156.171206225681
-2297.645669291338
-4369.723320158104
-5049.9
-11846.600000000002
-2269.622047244091
5573.375
-15901.450980392154
-619.34375
-4024.2248062015497
-6795.665354330704
-7304.909090909088
852.3953488372099
2006.8399999999965
-3927.54054054054
2287.20472440945
-5959.777777777777
-9887.527777777781
2843.59765625
16160.598425196848
-5466.921259842522
154615.609561753
404.5095057034232
-6338.06640625
3429.9763779527566
-125320.578125
104.15116279069844
18469.1171875
4640.22480620155
11068.417322834663
-48869.08799999999
-8974.968127490043
-6023.666666666664
-5037.01176470588
-323491.22529644275
-2726.7611940298502
4021.265625
-1813.9565217391355
-2341.8798449612405
-11652.78125
587.7401574803152
402.29599999999846
-3023.625
-3143.9039999999986
-48351.099601593625
12124.64980544748
221.04779411764684
4433.190476190477
-722.11328125
581.5261044176696
886.2857142857138
-6612.165354330711
3216.8645418326632
1948.5866141732276
4375.129411764705
-99.15999999999985
2538.291828793779
3419.996062992126
1901.2261904761908
-3031.852713178294
-120735.61752988049
-2571.25
-6555.6259842519685
-10143.53125
361.42519685039224
8127.217391304337
-6102.35741444867
15196.333333333343
-2670.253968253968
490.6135458167337
2170.4370078740176
-7425.652173913044
2636.859375
1975.0823529411791
570.453125
1755.9679999999935
-3670.0362903225796
-2085.125
143578.5912698413
-16524.496
6755.894117647062
155.06299212598424
-2956.0230769230766
-2767.576470588232
3188.156862745098
543.9638554216872
-20807.96078431372
-2152.185770750988
-1811.8418972332001
2522.354581673306
4336.19767441861
-13377.97647058824
-2728.5568627450994
1159.5097276264569
-72285.82490272375
1423.6196078431385
-1801.96875
7549.110236220469
-4896.185039370081
-4473.94140625
14408.188976377947
-2597.7857142857174
-15198.566929133856
1424.8828125
-26032.263999999996
464.796875
1938.108527131786
379.99612403100764
677.06640625
5878.3333333333285
4746.411764705888
199.53125
-1498.2790697674427
3574.079365079364
30281.976744186017
-2961.163424124512
3963.818897637797
-5024.546511627908
-1803.6102362204729
-2355.7142857142862
5236.262548262552
227.34615384615245
-2405.00790513834
25284.83076923077
1147.9448818897636
2640.6071428571413
8361.671936758896
675.9137254901943
-1761.91796875
-17838.212355212367
582.0
56672.159999999974
-14726.141176470592
26541.73359073358
-484.14117647058447
61035.239043824695
7543.56048387097
328.578125
-15188.456273764255
-5462.732
17074.02352941176
5357.379032258061
3474.9764705882408
2243.6328125
35523.86770428013
6311.4609375
-15522.516129032258
-43496.12109375
-13280.972111553783
284951.4879999999
849.0750988142318
4772.919999999998
22862.64285714287
770.6880000000001
-209.0076923076922
5871.72440944882
2758.1732283464553
2576.0236220472434
4409.315175097276
8795.3188976378
5.153846153843915
-2929.007843137253
2737.8720930232594
1208.656488549619
54525.54330708663
375.57915057915125
-4916.338461538464
-1124.0465116279047
-2650.7480000000032
9684.9609375
6573.8000000000175
1004.2413793103442
-17775.77777777778
-9385.453125
3952.8617886178836
-13315.70930232558
23033.857142857145
17975.0
-4892.471042471043
-7534.910505836575
9589.178988326836
3662.417322834648
-2491.2868217054274
-90743.45238095237
48016.29007633589
2759.094117647066
-1597.3228346456744
3376.968127490036
-1935.1003861003883
12187.365079365089
-3114.92
20086.239215686277
-2336.3700787401613
-2861.5139442231084
4906.300395256912
1685.6334661354558
-2648.5555555555547
-11684.1953125
7402.5
368.87644787644786
-3306.523809523809
-2783.007874015748
902.65625
536.8366533864537
2007.6731517509616
1741.3176470588223
-1921.171875
1590.7204724409457
-5596.7058823529405
177.72586872586908
-22737.047619047575
931.3720930232557
1376.6205533596876
-2977.380952380954
-12234.799212598424
840.549019607839
-8648.07086614173
-3099.2039215686273
-32695.619047619053
309.03676470588107
110.20622568093313
5146.74803149607
-2413.748031496063
-6081.793103448275
1701.411067193676
-9727.64230769231
587.7294117647034
47.448529411764866
3911.4940711462405
1689.2168674698842
-8066.521235521235
161.63385826771628
1084.0271317829465
721.2677165354326
3417.5714285714203
-3211.505928853756
1000.3464566929106
4992.078125
387.2047244094483
-6470.945945945947
-5395.371999999999
1354.535433070865
-2901.1789883268484
-102520.38735177869
1185.9486166007846
-36498.28853754941
-3071.8046875
7766.090909090912
2858.1832669322757
624.2558139534885
-2517.8240000000005
-1828.339920948616
-8898.476744186046
-1540.89453125
-93007.65369649802
333.53125
3955.4980392156867
-4949.803921568629
2139.807843137256
-6249.606299212599
-9056.4094488189
-16477.374015748028
-2691.212598425198
353.7874015748039
-5770.860000000001
1202.3884615384595
411.10714285714494
896.0199203187221
2885.212598425198
6245.887999999999
616.9130434782564
1207.3307392996103
-2713.941176470602
2502.392
626.18359375
484.4330708661437
-2178.7599999999984
-669.8888888888905
1480.4513618677083
159.53754940711406
5247.298804780876
-6556.75
1985.3058823529427
-31432.047244094487
2447.239999999998
-7921.190476190473
-6446.224409448816
125.99604743083
1256.5849802371595
9103.5
-2953.6976744186068
-8567.194552529181
609.5907335907341
218.8809523809523
-3016.40625
-108347.8705882353
169.3149606299212
361.3046875
1358.3837209302364
-34516.76494023902
3615.8418972332
24974.675889328064
842.27734375
-6240.8249027237325
1217.7222222222263
-2531.0
1968.32283464566
171.12598425196848
1672.7142857142826
1215.3999999999942
1184.3214285714275
143.80478087649317
620.078431372549
1496.184313725491
791.7171314741026
1260571.858299595
4873.314741035865
1987.9055118110264
624.4392156862741
332.3700787401576
-2883.322834645671
-10606.315384615387
189.984375
153924.2423076923
-3246.102362204725
570.0840000000026
345.92094861660007
1122.3225806451592
2037.6023622047214
68440.87351778656
292.9411764705874
1193.0196850393695
1105.4500000000007
565.9453125
1013.4527559055132
1430.588235294119
342.9302325581375
-8744.047999999999
-3276.9133858267724
21476.58498023718
21556.131474103604
-2978.968503937007
-2948.8470588235286
-9413.46875
616.6117647058854
546.6117647058854
195.83268482490348
864.2162162162131
1454.2290076335921
60540.119999999995
4697.687022900762
1277.3015873015902
-5599.511811023607
613.3921568627447
3463.4186046511604
494.4803149606305
-2363.985294117647
-1531.775193798443
667.953125
231.3667953667955
379.921875
-105368.86693548388
2611.796875
2857.4651162790688
-3119.0629921259824
2065.6414342629505
2217.727626459142
123.31349206349114
4931.760956175305
83570.36821705429
824.8779527559091
-4101.846456692918
1917.0352941176534
1196.9098039215678
795.7480000000032
16521.35433070868
234.61417322834677
224.4960629921261
-3336.239215686275
820.2639999999992
12511.563492063491
344.515625
-9626.788235294123
707.0434782608718
-2826.6719367588958
18851.09090909091
-6647.790322580644
3043.7250996015937
-6457.09375
97285.304
-83432.74803149607
288.33463035019486
4795.921875
1062.9322709163316
-9914.04705882353
-332.2362204724486
443.76377952755865
12049.629921259839
5046.78486055776
4296.211267605628
-11470.498023715416
1089.3040000000037
1209843.3027888446
748.7764705882291
-1700.6785714285797
317.7674418604656
2335.027667984192
999.1264822134399
1134.5236220472434
3683.996015936267
-3058.576000000001
1582.3255813953438
-34233.849206349216
-5330.991999999998
153.88000000000102
-3257.6904761904734
498.30158730158655
3388.3333333333358
652.6000000000058
244.43307086614368
564.2599999999984
168.03149606299303
-3104.972972972988
2235.3100775193816
475.3227091633471
2242.375
5044.614173228358
239.26771653543256
165002.24803149607
-6421.0233463035
-25750.740157480308
-5845.792307692311
1242.5833333333285
-2398.4627450980406
285.60000000000036
263.828125
261.828125
272.32800000000134
135768.44615384622
3208.5714285714275
-3024.102362204725
327.59375
-228371.1490196078
3895.988439306355
455.890625
-3263.7351778656157
4396.984251968504
514.9722222222226
349.89370078740103
-8321.456692913383
1134.5859375
-2974.58203125
5982.349206349201
759.1031746031731
1012.2142857142899
2979.7294117647107
1684.667984189724
-3322.79365079365
53360.2755905512
3119.25680933852
277.0238095238092
-3286.8844621513963
1177.896825396827
529.8700787401576
647.5038759689924
508.8735177865601
469.22134387351616
-1773.9209486166
102654.50194552529
-6421.359375
-2986.418972332016
-10152.90625
-3107.601593625499
506.62121212121565
31.85658914728674
1677.4330708661437
122.578125
-6092.641711229946
2351.6307692307746
1772.079365079364
-3224.708661417322
82.5078125
921.7047244094501
910.7490196078434
594.0551181102346
11431.760956175305
556.3488372093016
1280.565217391304
723.5629921259824
229.75875486381483
654.8333333333321
-2988.0
19614.190476190473
-2928.0
30244.60784313723
388.5764705882357
193.35968379446786
662.640625
-2520.4400000000023
676.766798418972
180.4765625
175.677165354331
997.7356321839106
4073.349206349216
14726.850393700792
1437.8400000000038
2209.727272727265
435.2777777777774
19363.24609375
2206.4427480916056
1569.421259842522
401.55335968379586
2088.1155378486073
-2961.1351351351404
241.10236220472143
-3271.456692913387
502.5
124.39215686274474
-1416.56420233463
218.58208955223927
-6471.8125
2142.9840637450106
887.2980392156896
751.3023255813896
-3231.553359683792
602.5891472868207
1680.7920000000013
146.95121951219517
302.45736434108403
1214.16796875
1663.3548387096816
383.73134328358174
4401.6666666666715
-7191.959999999999
-3225.8661417322837
-60999.13709677418
21370.23622047245
782.3464566929106
-3103.8809523809523
-2789.4980544747086
28166.33730158728
281.21875
843.2980392156896
-19491.525291828795
6658.315315315311
12792.860465116275
392.53125
1483.3058823529427
-3244.9111969111964
-10184.193675889328
3773.992125984252
328.0745098039224
921.8486055776884
617.22310756972
854.765625
2263.164705882351
-6082.133333333331
841.2047244094501
1311.1889763779545
763.1496062992155
578.7716535433065
9835.893280632416
4603.7598425196775
1318.0155642023383
-3241.525096525096
502.4630350194566
9647.902723735402
1402.3529411764684
-57318.38582677164
3206.269841269852
899.887999999999
1236.6865079365089
599.18359375
30494.04651162791
2052.5625
-969.1919999999955
5842.833333333343
370.8346456692889
24940.286821705406
2276.360465116275
1459.1574803149597
-3081.0622568093386
3281.4881889763783
258.95330739299607
11449.932539682544
1178.253012048197
-36270.88372093023
14683.44140625
564.546875
13569.10116731518
169.64566929133798
1172.5375494071195
517.6086956521722
326.581027667984
-2843.2071713147416
3350.763779527566
478.45955882353155
-1312.1593625498026
779.758893280632
-2758.1111111111095
1283.0358565737042
903.1686274509775
-6272.5546875
31160.54054054056
-12871.610441767065
1526.6588235294112
7330.7364341085195
-12436.450592885376
1818.320158102768
-1781.515625
819.7595419847348
-3108.1968503937023
149.1875
741.4470588235308
-1713.0
1700.9043824701148
177.04615384615317
347.35546875
1647.1328125
295.3858267716532
1788.8412698412722
764.8431372549021
98.35826771653592
960.5097276264642
-3280.3385826771664
-10664.834645669296
-13197.932270916335
-6431.464566929135
140.83203125
595.99209486166
522.7410358565721
1077.1801242236033
354.09055118110336
-3211.880478087649
1662.1440000000002
-3207.170731707316
892.1146245059281
1214.0314960629912
185.7421875
385.33725490195866
1241.5199999999968
2209.7401574803152
-12081.367588932808
1265.2048192771035
-39012.22529644269
-3273.968503937007
219.80314960629948
-6145.823529411766
6386.799227799231
-2902.217898832685
999.4800000000032
819.921259842522
1689.6850393700806
-2634.1388888888905
-3055.9212598425183
-3095.1517509727637
227.484375
196.05019305019232
-12563.142857142855
-64334.255999999994
1335.8984375
4250.715953307401
177.96456692913307
1753.8976377952786
-3094.7764705882364
-78010.95294117648
-9904.82
155.73122529644206
500.51737451737426
304.4901185770759
-2615.5921568627455
374.28346456692816
283.9496124030993
-1976.2440944881891
-82485.05078125
96.3346456692907
1280.9763779527566
-10111.396
-2743.0625
59216.37209302324
141.14285714285688
724.765625
-26336.806201550397
384.5118110236217
-6303.369649805445
155.61478599221846
122.03125
8628.74609375
-3048.889763779527
-66023.95275590551
448.25098039215663
-3304.848
-6090.054901960779
1475.2529644268798
1177.7647058823568
377.79133858267596
-2361.71875
6204.541176470593
-3217.1176470588216
366.1612903225796
3676.487999999983
271.2000000000007
-3117.625
-6469.661354581673
2511.5408560311334
33722.90234375
698.7921568627498
84.1550387596908
706.5840000000026
11148.290196078422
4465.643410852717
265.69444444444525
848.2755905511804
1967.7209302325573
1893.8707224334648
1181.984375
212790.09523809527
-272.14671814671783
403.798418972332
5075.596899224802
332.0799999999981
4253.900621118009
467.5307692307724
458789.9525691699
-10950.054263565893
-6608.816176470587
1146.1046511627937
-6766.3372549019605
-6517.107569721113
3782.9761904761835
8935.36328125
-2867.842519685044
8001.461538461539
266.45098039215736
-2893.2784313725497
563.1176470588216
658.5928853754958
197.58730158730214
1482.3913043478242
1086.617529880481
894.0228136882106
89970.78260869562
554.1304347826081
-3236.600790513834
1334.776061776065
-3769.188976377962
-6531.972222222223
4444.839215686268
-5996.477611940296
-186951.5905511811
870.1417322834641
1619.885375494072
-6007.326771653541
9906.164705882373
3866.711462450592
2634.9529411764743
275.20392156862727
-5562.368627450982
8707.874015748035
535.2941176470595
3552.0551181102346
293.43629343629254
1992.5930232558167
905.5525291828817
-3004.4448818897617
20977.480314960616
-5490.685258964135
-2643.2857142857138
576.9439999999995
-3942.4285714285797
-15449.830769230772
302.58267716535374
372.7704280155631
1476.9534883720917
-2717.6377952755865
543.0499999999884
1846.064000000013
193.79922779922708
2179.6046511627937
3243.926070038913
-104143.17120622564
3827.365758754866
-3148.577075098812
-7619.442176870747
178.0078740157478
1942.11067193676
756.3582677165396
1132.2325581395344
-2979.325581395351
576.6417322834641
9642.086274509798
785.890625
-3166.383399209488
623.22265625
773.04296875
1087.0119521912347
161.185770750988
150.02734375
1067.9722222222226
-2372.5454545454486
192.83464566928888
218.109375
10076.935999999987
-2619.94466403162
3181.46484375
-3922.9728682170535
2173.860557768923
34278.76113360323
-2280.6976744186068
7102.501992031874
1095.7440944881891
-2048.252964426878
712.3027888446231
-6550.219512195123
-4961.605577689246
696924.5381679388
-8338.015625
876.6758893280639
9098.385826771657
2488.543307086613
2082.7220077220045
-2759.65625
3185.1058823529165
1162.109375
-22864.610894941638
65993.4296875
1452763.0
1351.396825396827
7036.131999999998
1391.1875
-4870.4701195219095
1430.0
-2488.244094488189
725.1764705882342
4393.1496062992155
12259.65217391304
5702.984251968504
1313.5019607843133
1165.642857142855
-11566.220472440938
8275.10040160641
654.2607003891062
-3966.705882352944
-3113.412451361868
511.9123505976095
-4614.426294820718
900.6111111111095
-61448.22352941177
23340.21400778211
3331.1269841269823
2477.5800000000017
1401.988235294113
2304.2702702702663
384.77999999999884
58515.86046511622
1376.8823529411748
-2112.284584980236
-20582.55118110236
-4142.96958174905
17412.015625
525.8846153846171
615.3438735177879
-6572.245059288536
3687.2283464566863
-7039.243137254904
25761.947791164625
-5826.791338582676
-13196.290697674416
16881.840000000026
412.4166666666679
-1363.171875
-1785.1294117647049
-32158.213438735198
-2398.846456692914
1290.4124513618663
3440.328125
-2847.245059288536
478.0750988142281
414.40079365079146
437.92125984251834
4584.379446640312
-2765.4765625
8843.637795275572
11278.0703125
839.3055555555547
-6037.79069767442
-6446.8046875
5291.785992217898
-6552.151750972762
5482.243027888442
2019086.0965250966
1849.3456790123455
977.3976377952749
12484.806324110672
-3092.263999999999
1570.212598425198
2284.6507936507915
-7082.808764940237
390.6614173228354
-11123.735408560315
55886.16141732287
1470.9846153846156
65084.134387351805
5570.807086614179
2.628000000000611
-6359.094117647059
-1400.5519999999997
-2844.210116731516
15364.21428571429
-14177.636015325668
-1765.2677165354326
-9243.181102362207
12693.031746031746
13928.431372549021
-8632.301470588238
-3146.084942084941
127136.25
714.0
-5063.6328125
18971.517374517367
-1968.0347490347485
-4799.894117647062
-3041.3385826771664
3672.031496062991
188027.58267716534
859.745098039215
-2117.6264591439685
-6490.18
2930.503937007874
-1725.588235294119
-2250.40625
48912.168000000005
4285.156862745098
10518.433734939768
-4041.424124513618
-1762.4980392156867
-6249.389763779527
1779.2031872509979
819.063745019921
1327.1338582677163
-5244.534883720931
4573.7529880478105
-5809.151750972764
231.15139442231157
-1450.0237154150236
1986.5836575875437
-4717.697674418603
766.4767441860458
-15908.731225296448
-5556.263157894748
8427.634920634911
-212.91699604743008
-16586.72200772201
26712.380952380947
1015.7058823529442
4996.519999999997
4731.209486166001
-8210.055118110235
-105.42519685039588
-7557.131999999998
577.629921259846
-2378.662790697672
-9844.186770428016
-3034.968503937007
15878.258064516136
-4147.772908366533
-6988.392996108949
10282.488188976364
1896.109375
-10020.027237354087
722.5019607843133
3416.624
5419.0
-150755.28636363638
-12004.934959349594
596.0077519379847
2701.354330708662
-2548.3255813953474
2863.772727272735
-5180.7119999999995
-4937.065040650406
-1361.4435146443539
34055.71794871795
3038.692307692312
2159.741935483871
-2575.735849056604
-8630.772486772486
430.8181818181765
15030.268456375838
-11414.1775147929
-3194.0304878048773
-19735.012903225805
-3360.662251655627
3913.8129496402835
-2251.697841726618
-1736.0656934306571
-4456.444444444445
1377.04347826087
